=============================================================
 Ncomp             Name      density(g/cm^3)  I(eV) ChFormula
=============================================================
4                    G4_RDX       1.9     0      C_3H_6N_60_6
                6             3
                1             6
                7             6
                8             6
4                   G4_PETN       1.7     0     C_5H_8N_4O_12
                6             5
                1             8
                7             4
                8             12
4                   G4_TNT        1.6     0     C_7H_5N_3O_6
                6             7
                1             5
                7             3
                8             6
3                   G4_TATP       1       0     C_9H_18O_6
                6             1
                1             18
                8             6
4                 G4_NITROGLYCERIN  1.7   0     C_3H_5N_3O_9
                6             3
                1             5
                7             3
                8             9
