=============================================================
 Ncomp             Name      density(g/cm^3)  I(eV) ChFormula
=============================================================
4                 G4_SEMTEX_1A  1.7   0     
                6             0.3048
                1             0.039
                8             0.503
                7             0.1532
4                 G4_SEMTEX_H  1.7   0     
                6             0.2865
                1             0.0387
                8             0.4455
                7             0.2293
4                 G4_SEMTEX_2P  1.7   0     
                6             0.2956
                1             0.039
                7             0.4743
                8             0.1911
4                 G4_ANFO  1.72   0     
                6             0.0514
                1             0.056
                8             0.5636
                7             0.329
4                 G4_ANNM  1.72   0     
                6             0.0787
                1             0.0500
                8             0.5695
                7             0.3018
4                 G4_COMP_B  1.7   0     
                6             0.245
                1             0.0252
                8             0.4284
                7             0.3014
6	          G4_C_4  1.7   0     
                6             0.2381
                1             0.0322
                8             0.3887
                7             0.3401
		82	      0.0007
		24	      0.0002
