=============================================================
 Ncomp             Name      density(g/cm^3)  I(eV) ChFormula
=============================================================
7      G4_OFFICE_PAPER          1.2     0
                6             0.3192
                1             0.0445
                8             0.5092
                20            0.0641
                13            0.0375
                14            0.0195
                22            0.0006
6      G4_CARDBOARD            0.689    0
                6             0.469
                1             0.0609
                8             0.455
                20            0.008
                13            0.0047
                14            0.0024
5      G4_MILK_POWDER           0.449    0
                6             0.5505
                1             0.0828
                8             0.3119
                7             0.0498
                15            0.005
14  G4_CIRCUIT_BOARD             1.850     0
		6		0.6227
		1		0.0825
		8		0.2134
		7		0.0382
		14		0.0207
		22		0.0004
		20		0.0112
		13		0.0056
		12		0.0012
		5		0.0019
		19		0.0007
		26		0.0003
		9		0.0006
		11		0.0006
5   G4_SILK			 1.34     0
		6	      0.3751
		1	      0.0714
		8	      0.3941
		7	      0.1586
		16	      0.0008
4   Parrafin			0.9      0
		6		12
		1		27
		8		0
		7		1
11	Heavy_Concrete_B_Based	4.1 	0
1	0.0089
8	0.1449
14	0.014
20	0.0616
13	0.0027
5	0.0138
19	0.0011
26	0.0002
11	0.0001
16	0.25
82	0.5
13	Heavy_Concrete_Ba_Based_1	4.1 	0
1	0.0062
6	0.0004
8	0.3127
11	0.0002
12	0.0009
13	0.0032
14	0.0241
16	0.1067
17	0.0001
19	0.0006
20	0.0536
26	0.0401
56	0.4512
13	Heavy_Concrete_Ba_Based_2	4.1 	0
1	0.0062
6	0.0004
8	0.3165
11	0.0003
12	0.0012
13	0.0069
14	0.0296
16	0.1063
17	0.0001
19	0.0013
20	0.0389
26	0.0411
56	0.4512
