=============================================================
 Ncomp             Name      density(g/cm^3)  I(eV) ChFormula
=============================================================
3      G4_SUCROSE_SUGAR       1.8     0      C_12H_220_11
                6             12
                1             22
                8             11
3      G4_CELLULOSE_COTTON    1.7     0      C_6H_12O_6
                6              6
                1             12
                8              6
4      G4_POLYESTER             1.38    0      C_10H_25O_5Ta_1
                6             10
                1             25
                8             5
                73            1
7      G4_OFFICE_PAPER          1.2     0
                6             0.2499
                1             0.4151
                8             0.2992
                20            0.0150
                13            0.0131
                14            0.0065
                22            0.0012
6      G4_CARDBOARD            0.689    0
                6             0.3041
                1             0.4708
                8             0.2214
                20            0.0016
                13            0.0014
                14            0.0007
5      G4_MILK_POWDER           0.449    0
                6             0.3033
                1             0.5430
                8             0.1290
                7             0.0235
                15            0.0011
2       G4_SAND                 1.442     0     Si_O2
                14            0.47
                8             0.53
2       G4_PETROL               0.87      0
                1             0.14
                6             0.88
4       G4_WOOD                 0.62      0
                1             0.06
                6             0.47
                8             0.44
                7             0.03
6      G4_TOOTHPASTE            1.33      0    C_12H_7Cl_3F_Na_O_2
                6             12
                1             7
                17            3
                9             1
                11            1
                8             2
4      G4_SOAP                  0.9       0   C_16H_32O_2Na
                6             16
                1             32
                8             2
                11            1
3      G4_ASPIRIN               1.3       0   C_9H_8O_4
                6             9
                1             8
                8             4
3    G4_IBUPROFEN               1.0       0   C_13H_18O_2
                6             13
                1             18
                8             2
6    G4_HEAMOGLOBIN             1.0       0   C_2932H_4724N_828O_840S_8Fe_4
                6             2932
                1             472
                7             828
                8             840
                16            8
                26            4
3    G4_PET                     1.38      0   (C_10H_8O_4)n
                6             10
                1             8
                8             4
3    G4_Viscose                 1.49      0  C_18H_32O_16
                6             18
                1             32
                8             16
3   G4_NICOTINE                 1.0       0  C_10H_14N_2
                6               10
                1               14
                7               2
4      G4_PSTUFFING             0.0076    0      C_10H_25O_5Ta_1
                6             10
                1             25
                8             5
                73            1
14  G4_CIRCUIT_BOARD             1.850     0
                6             0.3426
                1             0.541
                8             0.0881
                7             0.018
                14            0.0049
                22            0.0001
                20            0.0018
                13            0.0014
                12            0.0003
                5             0.0012
                19            0.0001
                26            0.0001
                9             0.0002
                11            0.0002
2   G4_POLYSTYRENE_FOAM          0.05     0   (C_8H_8)n
                6             8
                1             8
4   G4_COLLAGEN                  1.3      0   C_36H_60N_10O_11
                6             36
                1             60
                7             10
                8             11
5   G4_SILK			 1.34     0
		6	      0.2263
		1	      0.5130
		7	      0.1785
		8	      0.082
		16	      0.0002
4 G4_EPSOMSALTS                   2.66	  0
		1		14
		12		1
		8		11
		16		1
4   G4_BAKINGSODA		2.2	   0  NaHCO3
		11		1
		1		1
		6		1
		8		3
4   G4_Acetaminophen		1.3        0  C_8H_9N_O2
		6		8
		1		9
		7		1
		8		2
3  G4_LACTOSE			1.8	   0
		6		12
		1		22
		8		11
4 G4_BBF05L95			1.5	   0
		6		0.2755
		1		0.4912
		8		0.2311
		7		0.0022		
4 G4_BBF10L90			1.5	   0
		6		0.2841
		1		0.4935
		8		0.2179
		7		0.0045
4 G4_BBF15L85			1.5	   0
		6		0.2926
		1		0.4958
		8		0.205
		7		0.0066
4 G4_BBF20L80			1.5	   0
		6		0.3009
		1		0.498
		8		0.1924
		7		0.0087
4 G4_BBF25L75			1.5	   0
		6		0.309
		1		0.5001
		8		0.1801
		7		0.0108
4 G4_BBF30L70			1.5	   0
		6		0.317
		1		0.5023
		8		0.1679
		7		0.0128
4 G4_BBF35L65			1.5	   0
		6		0.3249
		1		0.5043
		8		0.156
		7		0.0148
4 G4_BBF40L60			1.5	   0
		6		0.3326
		1		0.5064
		8		0.1442
		7		0.0168
4 G4_BBF45L55			1.5	   0
		6		0.3401
		1		0.5084
		8		0.1328
		7		0.0187
4 G4_BBF50L50			1.5	   0
		6		0.3476
		1		0.5103
		8		0.1215
		7		0.0206
5 G4_BBF05BS95			1.5	   0
		6		0.1925
		1		0.2043
		8		0.45
		7		0.0039
		11		0.1493
5 G4_BBF10BS90			1.5	   0
		6		0.2156
		1		0.2378
		8		0.4053
		7		0.0074
		11		0.1339
5 G4_BBF15BS85			1.5	   0
		6		0.2362
		1		0.268
		8		0.3652
		7		0.0106
		11		0.12
5 G4_BBF20BS80			1.5	   0
		6		0.255
		1		0.2952
		8		0.329
		7		0.0134
		11		0.1074
5 G4_BBF25BS75			1.5	   0
		6		0.2719
		1		0.3199
		8		0.2962
		7		0.016
		11		0.096
5 G4_BBF30BS70			1.5	   0
		6		0.2874
		1		0.3424
		8		0.2662
		7		0.0183
		11		0.0857
5 G4_BBF35BS65			1.5	   0
		6		0.3015
		1		0.363
		8		0.2388
		7		0.0205
		11		0.0762
5 G4_BBF40BS60			1.5	   0
		6		0.3145
		1		0.3819
		8		0.2136
		7		0.0225
		11		0.0675
5 G4_BBF45BS55			1.5	   0
		6		0.3265
		1		0.3994
		8		0.1904
		7		0.0243
		11		0.0594
5 G4_BBF50BS50			1.5	   0
		6		0.3376
		1		0.4154
		8		0.169
		7		0.026
		11		0.052
4 G4_BBF05A95			1.5	   0
		6		0.4009
		1		0.4546
		8		0.0952
		7		0.0493
4 G4_BBF10A90			1.5	   0
		6		0.4018
		1		0.4591
		8		0.0905
		7		0.0486
4 G4_BBF15A85			1.5	   0
		6		0.4026
		1		0.4636
		8		0.0859
		7		0.0479
4 G4_BBF20A80			1.5	   0
		6		0.4034
		1		0.468
		8		0.0814
		7		0.0472
4 G4_BBF25A75			1.5	   0
		6		0.4043
		1		0.4722
		8		0.077
		7		0.0465
4 G4_BBF30A70			1.5	   0
		6		0.4051
		1		0.4765
		8		0.0726
		7		0.0458
4 G4_BBF35A65			1.5	   0
		6		0.4059
		1		0.4806
		8		0.0683
		7		0.0452
4 G4_BBF40A60			1.5	   0
		6		0.4067
		1		0.4846
		8		0.0641
		7		0.0446
4 G4_BBF45A55			1.5	   0
		6		0.4074
		1		0.4886
		8		0.06
		7		0.044
4 G4_BBF50A50			1.5	   0
		6		0.4082
		1		0.4926
		8		0.0559
		7		0.0433
4 G4_BF05L95			1.5	   0
		6		0.2756
		1		0.4907
		8		0.2313
		7		0.0024
4 G4_BF10L90			1.5	   0
		6		0.2844
		1		0.4925
		8		0.2184
		7		0.0047
4 G4_BF15L85			1.5	   0
		6		0.2931
		1		0.4942
		8		0.2058
		7		0.0069
4 G4_BF20L80			1.5	   0
		6		0.3016
		1		0.496
		8		0.1933
		7		0.0091
4 G4_BF25L75			1.5	   0
		6		0.3099
		1		0.4977
		8		0.1811
		7		0.0113
4 G4_BF30L70			1.5	   0
		6		0.3182
		1		0.4993
		8		0.1691
		7		0.0134
4 G4_BF35L65			1.5	   0
		6		0.3262
		1		0.501
		8		0.1573
		7		0.0155
4 G4_BF40L60			1.5	   0
		6		0.3342
		1		0.5026
		8		0.1456
		7		0.0176
4 G4_BF45L55			1.5	   0
		6		0.342
		1		0.5042
		8		0.1342
		7		0.0196
4 G4_BF50L50			1.5	   0
		6		0.3497
		1		0.5057
		8		0.123
		7		0.0216
5 G4_BF05BS95			1.5	   0
		6		0.1926
		1		0.2029
		8		0.4508
		7		0.0041
		11		0.1496
5 G4_BF10BS90			1.5	   0
		6		0.2159
		1		0.2353
		8		0.4067
		7		0.0078
		11		0.1343
5 G4_BF15BS85			1.5	   0
		6		0.2368
		1		0.2645
		8		0.367
		7		0.0111
		11		0.1206
5 G4_BF20BS80			1.5	   0
		6		0.2558
		1		0.291
		8		0.3311
		7		0.0141
		11		0.108
5 G4_BF25BS75			1.5	   0
		6		0.273
		1		0.315
		8		0.2985
		7		0.0168
		11		0.0967
5 G4_BF30BS70			1.5	   0
		6		0.2888
		1		0.337
		8		0.2686
		7		0.0193
		11		0.0863
5 G4_BF35BS65			1.5	   0
		6		0.3032
		1		0.3571
		8		0.2413
		7		0.0216
		11		0.0768
5 G4_BF40BS60			1.5	   0
		6		0.3165
		1		0.3756
		8		0.2161
		7		0.0237
		11		0.0681
5 G4_BF45BS55			1.5	   0
		6		0.3288
		1		0.3927
		8		0.1929
		7		0.0256
		11		0.06
5 G4_BF50BS50			1.5	   0
		6		0.34
		1		0.4086
		8		0.1714
		7		0.0274
		11		0.0526
4 G4_BF05A95			1.5	   0
		6		0.4012
		1		0.4541
		8		0.0953
		7		0.0494
4 G4_BF10A90			1.5	   0
		6		0.4023
		1		0.4581
		8		0.0908
		7		0.0488
4 G4_BF15A85			1.5	   0
		6		0.4034
		1		0.462
		8		0.0863
		7		0.0483
4 G4_BF20A80			1.5	   0
		6		0.4045
		1		0.4659
		8		0.0819
		7		0.0477
4 G4_BF25A75			1.5	   0
		6		0.4056
		1		0.4697
		8		0.0775
		7		0.0472
4 G4_BF30A70			1.5	   0
		6		0.4067
		1		0.4734
		8		0.0732
		7		0.0467
4 G4_BF35A65			1.5	   0
		6		0.4077
		1		0.4771
		8		0.0691
		7		0.0461
4 G4_BF40A60			1.5	   0
		6		0.4088
		1		0.4807
		8		0.0649
		7		0.0456
4 G4_BF45A55			1.5	   0
		6		0.4098
		1		0.4843
		8		0.0608
		7		0.0451
4 G4_BF50A50			1.5	   0
		6		0.4108
		1		0.4878
		8		0.0568
		7		0.0446
2 G4_PTFE			2.2	   0    (C_2F_4)n
		6		2
		9		4
