=============================================================
 Ncomp             Name      density(g/cm^3)  I(eV) ChFormula
=============================================================
2      HDPE       0.92     0      C2_H4
                6             2
                1             4
3      Li_HDPE    1.06     0      
                6		0.792   
                1             	0.133
                3              	0.075
4	B_5_HDPE	1.07	0
		1		0.1407
		6		0.835
		1010		0.0102
		1011		0.0146
4	B_30_HDPE	1.19	0
		1		0.119
		6		0.7088
		1010		0.071
		1011		0.1012
3	POLY_BIS	2.92	0
		1		0.0309
		6		0.1841
		83		78.5
2      	WATER          1        78   H2O
         1             2
         8             1
