=============================================================
 Ncomp             Name      density(g/cm^3)  I(eV) ChFormula
=============================================================
4	B_5_HDPE	1.07	0
		1		0.1365
		6		0.8135
		1010		0.01
		1011		0.04
4	B_30_HDPE	1.19	0
		1		0.1006
		6		0.5994
		1010		0.06
		1011		0.24
3	POLY_BIS	2.92	0
		1		0.0309
		6		0.1841
		83		0.785
2      	WATER          1        78   H2O
         1             2
         8             1
2	Parafin	0.9	0
	1	31
	6	64
4	Paraffin_Boron5	0.9	0
		1		0.1365
		6		0.8135
		1010		0.01
		1011		0.04
4	Paraffin_Boron10	0.9	0
		1		0.1329
		6		0.7629
		1010		0.01
		1011		0.04
5 	Borax	1.73	0
		1		0.0563
		1010		0.0278
		1011		0.0922
		8		0.7595
		11Na		0.0642
6	Paraffin_Borax5
		6		0.8097
		1		0.1431
		1010		0.0014
		1011		0.0046
		8		0.038
		11Na		0.0032
6	Paraffin_Borax10
		6		0.7671
		1		0.1386
		1010		0.0028
		1011		0.0092
		8		0.0759
		11Na		0.0062
