=============================================================
 Ncomp             Name      density(g/cm^3)  I(eV) ChFormula
=============================================================
4	B_5_HDPE	1.07	0
		1		0.1365
		6		0.8135
		1010		0.01
		1011		0.04
4	B_30_HDPE	1.19	0
		1		0.1006
		6		0.5994
		1010		0.06
		1011		0.24
3	POLY_BIS	2.92	0
		1		0.0309
		6		0.1841
		83		0.785
2      	WATER          1        78   H2O
         1             2
         8             1
2	Parafin	0.9	0
	1	31
	6	64
4	Paraffin_Boron5	0.9	0
		1		0.1365
		6		0.8135
		1010		0.01
		1011		0.04
4	Paraffin_Boron10	0.9	0
		1		0.1329
		6		0.7671
		1010		0.02
		1011		0.08
5 	Borax	1.73	0
		1		0.0529
		1010		0.0263
		1011		0.0866
		8		0.7136
		11		0.1206
6	Paraffin_Borax5
		6		0.8097
		1		0.143
		10		0.0013
		11		0.0043
		8		0.0357
		22		0.006
6	Paraffin_Borax10
		6		0.7671
		1		0.1382
		10		0.0026
		11		0.0086
		8		0.0714
		22		0.0121
